,intensity
0,0.33725490196078434
1,0.5529411764705883
2,0.37254901960784315
3,0.1607843137254902
4,0.08627450980392157
5,0.08235294117647059
6,0.12549019607843137
7,0.2823529411764706
8,0.5411764705882353
9,0.43529411764705883
10,0.18823529411764706
11,0.09019607843137255
12,0.07450980392156863
13,0.10588235294117647
14,0.23137254901960785
15,0.5058823529411764
16,0.5058823529411764
17,0.22745098039215686
18,0.10588235294117647
19,0.07450980392156863
20,0.09411764705882353
21,0.1803921568627451
22,0.4392156862745098
23,0.5647058823529412
24,0.28627450980392155
25,0.11764705882352941
26,0.0784313725490196
27,0.07450980392156863
28,0.1450980392156863
29,0.3607843137254902
30,0.596078431372549
31,0.36470588235294116
32,0.1411764705882353
33,0.0784313725490196
34,0.07058823529411765
35,0.11372549019607843
36,0.2784313725490196
37,0.5725490196078431
38,0.4588235294117647
39,0.1803921568627451
40,0.09019607843137255
41,0.07058823529411765
42,0.08627450980392157
43,0.20392156862745098
44,0.5019607843137255
45,0.5568627450980392
46,0.24313725490196078
47,0.10196078431372549
48,0.06666666666666667
49,0.07450980392156863
50,0.1450980392156863
51,0.39215686274509803
52,0.6196078431372549
53,0.33725490196078434
54,0.12549019607843137
55,0.06666666666666667
56,0.06666666666666667
57,0.10588235294117647
58,0.2823529411764706
59,0.6039215686274509
60,0.4627450980392157
61,0.16862745098039217
62,0.0784313725490196
63,0.058823529411764705
64,0.08235294117647059
65,0.1843137254901961
66,0.5019607843137255
67,0.5882352941176471
68,0.24705882352941178
69,0.09411764705882353
70,0.06274509803921569
71,0.06666666666666667
72,0.12941176470588237
73,0.3607843137254902
74,0.6509803921568628
75,0.37254901960784315
76,0.12941176470588237
77,0.06274509803921569
78,0.054901960784313725
79,0.08627450980392157
80,0.22745098039215686
81,0.5843137254901961
82,0.5372549019607843
83,0.19607843137254902
84,0.0784313725490196
85,0.058823529411764705
86,0.06274509803921569
87,0.13725490196078433
88,0.41568627450980394
89,0.6627450980392157
90,0.3215686274509804
91,0.10980392156862745
92,0.058823529411764705
93,0.054901960784313725
94,0.09019607843137255
95,0.2549019607843137
96,0.6274509803921569
97,0.5215686274509804
98,0.17647058823529413
99,0.07058823529411765
100,0.054901960784313725
101,0.06274509803921569
102,0.1411764705882353
103,0.43529411764705883
104,0.6901960784313725
105,0.3137254901960784
106,0.10196078431372549
107,0.054901960784313725
108,0.050980392156862744
109,0.0784313725490196
110,0.23529411764705882
111,0.6392156862745098
112,0.5490196078431373
113,0.17647058823529413
114,0.07058823529411765
115,0.047058823529411764
116,0.054901960784313725
117,0.11764705882352941
118,0.3843137254901961
119,0.7254901960784313
120,0.36470588235294116
121,0.10980392156862745
122,0.054901960784313725
123,0.047058823529411764
124,0.06666666666666667
125,0.1803921568627451
126,0.5686274509803921
127,0.6549019607843137
128,0.22745098039215686
129,0.07450980392156863
130,0.043137254901960784
131,0.047058823529411764
132,0.08235294117647059
133,0.26666666666666666
134,0.7176470588235294
135,0.5176470588235295
136,0.14901960784313725
137,0.058823529411764705
138,0.043137254901960784
139,0.050980392156862744
140,0.10196078431372549
141,0.36470588235294116
142,0.792156862745098
143,0.39215686274509803
144,0.10588235294117647
145,0.047058823529411764
146,0.0392156862745098
147,0.050980392156862744
148,0.11764705882352941
149,0.4470588235294118
150,0.807843137254902
151,0.3215686274509804
152,0.08235294117647059
153,0.043137254901960784
154,0.03529411764705882
155,0.0392156862745098
156,0.11764705882352941
157,0.47058823529411764
158,0.8431372549019608
159,0.30196078431372547
160,0.0784313725490196
161,0.0392156862745098
162,0.03137254901960784
163,0.03529411764705882
164,0.08235294117647059
165,0.37254901960784315
166,0.9176470588235294
167,0.38823529411764707
168,0.08627450980392157
169,0.03529411764705882
170,0.03137254901960784
171,0.027450980392156862
172,0.03529411764705882
173,0.13725490196078433
174,0.6901960784313725
175,0.8431372549019608
176,0.1803921568627451
177,0.043137254901960784
178,0.027450980392156862
179,0.0196078431372549
180,0.01568627450980392
181,0.011764705882352941
182,0.01568627450980392
183,0.07450980392156863
184,0.4117647058823529
185,0.49019607843137253
186,0.21568627450980393
187,0.11764705882352941
188,0.10980392156862745
189,0.1607843137254902
190,0.2784313725490196
191,0.3843137254901961
192,0.30980392156862746
193,0.19215686274509805
194,0.13333333333333333
195,0.12941176470588237
196,0.1843137254901961
197,0.29411764705882354
198,0.37254901960784315
199,0.2980392156862745
200,0.18823529411764706
201,0.13333333333333333
202,0.13725490196078433
203,0.19215686274509805
204,0.3058823529411765
205,0.3764705882352941
206,0.29411764705882354
207,0.1843137254901961
208,0.13333333333333333
209,0.13333333333333333
210,0.19215686274509805
211,0.3176470588235294
212,0.38823529411764707
213,0.2980392156862745
214,0.1803921568627451
215,0.12549019607843137
216,0.12941176470588237
217,0.19215686274509805
218,0.3254901960784314
219,0.396078431372549
220,0.2901960784313726
221,0.17254901960784313
222,0.12549019607843137
223,0.12941176470588237
224,0.19607843137254902
225,0.3333333333333333
226,0.403921568627451
227,0.28627450980392155
228,0.16862745098039217
229,0.11764705882352941
230,0.12156862745098039
231,0.19215686274509805
232,0.3333333333333333
233,0.41568627450980394
234,0.2901960784313726
235,0.16862745098039217
236,0.12156862745098039
237,0.12156862745098039
238,0.19215686274509805
239,0.3411764705882353
240,0.42745098039215684
241,0.2980392156862745
242,0.1607843137254902
243,0.11372549019607843
244,0.11764705882352941
245,0.1843137254901961
246,0.3411764705882353
247,0.43137254901960786
248,0.2980392156862745
249,0.1607843137254902
250,0.10980392156862745
251,0.11764705882352941
252,0.1843137254901961
253,0.34509803921568627
254,0.4470588235294118
255,0.30980392156862746
256,0.1607843137254902
257,0.10980392156862745
258,0.10980392156862745
259,0.17647058823529413
260,0.33725490196078434
261,0.4588235294117647
262,0.3215686274509804
263,0.16470588235294117
264,0.10196078431372549
265,0.10196078431372549
266,0.16862745098039217
267,0.32941176470588235
268,0.4666666666666667
269,0.3333333333333333
270,0.16470588235294117
271,0.10196078431372549
272,0.09803921568627451
273,0.15294117647058825
274,0.3137254901960784
275,0.4745098039215686
276,0.35294117647058826
277,0.16862745098039217
278,0.10196078431372549
279,0.09411764705882353
280,0.1411764705882353
281,0.2980392156862745
282,0.4823529411764706
283,0.3764705882352941
284,0.1803921568627451
285,0.10196078431372549
286,0.09019607843137255
287,0.13725490196078433
288,0.2823529411764706
289,0.4823529411764706
290,0.4
291,0.19607843137254902
292,0.10588235294117647
293,0.08627450980392157
294,0.12156862745098039
295,0.25098039215686274
296,0.4745098039215686
297,0.43137254901960786
298,0.20784313725490197
299,0.10588235294117647
300,0.08235294117647059
301,0.10980392156862745
302,0.2235294117647059
303,0.4588235294117647
304,0.47058823529411764
305,0.23137254901960785
306,0.10980392156862745
307,0.0784313725490196
308,0.09803921568627451
309,0.19215686274509805
310,0.42745098039215684
311,0.5019607843137255
312,0.26666666666666666
313,0.12156862745098039
314,0.0784313725490196
315,0.09019607843137255
316,0.16862745098039217
317,0.3843137254901961
318,0.5294117647058824
319,0.30196078431372547
320,0.13333333333333333
321,0.08627450980392157
322,0.08627450980392157
323,0.1411764705882353
324,0.33725490196078434
325,0.5450980392156862
326,0.3568627450980392
327,0.14901960784313725
328,0.08235294117647059
329,0.07450980392156863
330,0.11764705882352941
331,0.28627450980392155
332,0.5372549019607843
333,0.4196078431372549
334,0.17254901960784313
335,0.09019607843137255
336,0.07450980392156863
337,0.10196078431372549
338,0.23137254901960785
339,0.5058823529411764
340,0.49019607843137253
341,0.21568627450980393
342,0.09411764705882353
343,0.07058823529411765
344,0.08627450980392157
345,0.1843137254901961
346,0.4470588235294118
347,0.5490196078431373
348,0.26666666666666666
349,0.10980392156862745
350,0.07058823529411765
351,0.07450980392156863
352,0.1411764705882353
353,0.36470588235294116
354,0.5882352941176471
355,0.34509803921568627
356,0.13333333333333333
357,0.07450980392156863
358,0.07058823529411765
359,0.10980392156862745
360,0.2823529411764706
361,0.5764705882352941
362,0.4392156862745098
363,0.16862745098039217
364,0.0784313725490196
365,0.06274509803921569
366,0.09019607843137255
367,0.20784313725490197
368,0.5137254901960784
369,0.5372549019607843
370,0.22745098039215686
371,0.09411764705882353
372,0.06274509803921569
373,0.07450980392156863
374,0.14901960784313725
375,0.40784313725490196
376,0.611764705882353
377,0.3137254901960784
378,0.11764705882352941
379,0.06666666666666667
380,0.06274509803921569
381,0.10980392156862745
382,0.29411764705882354
383,0.611764705882353
384,0.4392156862745098
385,0.1568627450980392
386,0.07058823529411765
387,0.058823529411764705
388,0.08235294117647059
389,0.2
390,0.5176470588235295
391,0.5686274509803921
392,0.23137254901960785
393,0.08627450980392157
394,0.058823529411764705
395,0.06666666666666667
396,0.12549019607843137
397,0.3764705882352941
398,0.6431372549019608
399,0.34901960784313724
400,0.11764705882352941
401,0.06274509803921569
402,0.054901960784313725
403,0.09411764705882353
404,0.24313725490196078
405,0.6
406,0.5098039215686274
407,0.1803921568627451
408,0.07450980392156863
409,0.050980392156862744
410,0.06666666666666667
411,0.1450980392156863
412,0.44313725490196076
413,0.6470588235294118
414,0.29411764705882354
415,0.09803921568627451
416,0.054901960784313725
417,0.050980392156862744
418,0.09411764705882353
419,0.26666666666666666
420,0.6431372549019608
421,0.4823529411764706
422,0.1568627450980392
423,0.06666666666666667
424,0.050980392156862744
425,0.06274509803921569
426,0.14901960784313725
427,0.4627450980392157
428,0.6666666666666666
429,0.2784313725490196
430,0.09411764705882353
431,0.050980392156862744
432,0.047058823529411764
433,0.08627450980392157
434,0.2549019607843137
435,0.6549019607843137
436,0.5058823529411764
437,0.1568627450980392
438,0.06274509803921569
439,0.047058823529411764
440,0.054901960784313725
441,0.12941176470588237
442,0.4196078431372549
443,0.7137254901960784
444,0.3176470588235294
445,0.09411764705882353
446,0.047058823529411764
447,0.043137254901960784
448,0.06666666666666667
449,0.2
450,0.611764705882353
451,0.6078431372549019
452,0.19215686274509805
453,0.06666666666666667
454,0.043137254901960784
455,0.043137254901960784
456,0.09019607843137255
457,0.30196078431372547
458,0.7411764705882353
459,0.45098039215686275
460,0.12549019607843137
461,0.050980392156862744
462,0.03529411764705882
463,0.047058823529411764
464,0.11764705882352941
465,0.4196078431372549
466,0.7725490196078432
467,0.3215686274509804
468,0.09019607843137255
469,0.0392156862745098
470,0.03529411764705882
471,0.047058823529411764
472,0.1411764705882353
473,0.5254901960784314
474,0.7529411764705882
475,0.25098039215686274
476,0.07058823529411765
477,0.0392156862745098
478,0.03137254901960784
479,0.050980392156862744
480,0.1450980392156863
481,0.5803921568627451
482,0.7647058823529411
483,0.22745098039215686
484,0.06274509803921569
485,0.03529411764705882
486,0.03137254901960784
487,0.0392156862745098
488,0.11372549019607843
489,0.5176470588235295
490,0.8627450980392157
491,0.2627450980392157
492,0.058823529411764705
493,0.03137254901960784
494,0.023529411764705882
495,0.027450980392156862
496,0.054901960784313725
497,0.25882352941176473
498,0.9294117647058824
499,0.5372549019607843
500,0.09803921568627451
501,0.03529411764705882
502,0.023529411764705882
503,0.0196078431372549
504,0.01568627450980392
505,0.0196078431372549
506,0.09803921568627451
507,0.6470588235294118
508,0.9137254901960784
509,0.2
510,0.047058823529411764
511,0.027450980392156862
512,0.027450980392156862
513,0.027450980392156862
514,0.07058823529411765
515,0.3137254901960784
516,0.788235294117647
517,0.42745098039215684
518,0.11372549019607843
519,0.047058823529411764
520,0.0392156862745098
521,0.054901960784313725
522,0.14901960784313725
523,0.5019607843137255
524,0.6627450980392157
525,0.24705882352941178
526,0.0784313725490196
527,0.043137254901960784
528,0.043137254901960784
529,0.09019607843137255
530,0.2901960784313726
531,0.6784313725490196
532,0.4470588235294118
533,0.13333333333333333
534,0.054901960784313725
535,0.043137254901960784
536,0.054901960784313725
537,0.1450980392156863
538,0.47843137254901963
539,0.6745098039215687
540,0.2627450980392157
541,0.08235294117647059
542,0.043137254901960784
543,0.043137254901960784
544,0.0784313725490196
545,0.25098039215686274
546,0.6627450980392157
547,0.5137254901960784
548,0.15294117647058825
549,0.050980392156862744
550,0.03529411764705882
551,0.047058823529411764
552,0.10980392156862745
553,0.39215686274509803
554,0.7372549019607844
555,0.34509803921568627
556,0.09803921568627451
557,0.043137254901960784
558,0.0392156862745098
559,0.054901960784313725
560,0.1607843137254902
561,0.5529411764705883
562,0.6901960784313725
563,0.2235294117647059
564,0.06666666666666667
565,0.0392156862745098
566,0.0392156862745098
567,0.06274509803921569
568,0.2196078431372549
569,0.6862745098039216
570,0.5843137254901961
571,0.1607843137254902
572,0.054901960784313725
573,0.03137254901960784
574,0.03529411764705882
575,0.07058823529411765
576,0.2627450980392157
577,0.7686274509803922
578,0.5098039215686274
579,0.12549019607843137
580,0.043137254901960784
581,0.03137254901960784
582,0.027450980392156862
583,0.06666666666666667
584,0.25882352941176473
585,0.8117647058823529
586,0.5137254901960784
587,0.11764705882352941
588,0.0392156862745098
589,0.027450980392156862
590,0.023529411764705882
591,0.047058823529411764
592,0.18823529411764706
593,0.7568627450980392
594,0.6745098039215687
595,0.15294117647058825
596,0.043137254901960784
597,0.027450980392156862
598,0.023529411764705882
599,0.023529411764705882
600,0.06274509803921569
601,0.33725490196078434
602,1.0
603,0.4196078431372549
604,0.07450980392156863
605,0.03137254901960784
606,0.0196078431372549
607,0.01568627450980392
608,0.011764705882352941
609,0.00784313725490196
610,0.00784313725490196
611,0.027450980392156862
612,0.09019607843137255
613,0.03137254901960784
614,0.023529411764705882
615,0.03137254901960784
616,0.06274509803921569
617,0.12941176470588237
618,0.2235294117647059
619,0.2549019607843137
620,0.2196078431372549
621,0.1803921568627451
622,0.1803921568627451
623,0.21176470588235294
624,0.25098039215686274
625,0.25882352941176473
626,0.23137254901960785
627,0.19215686274509805
628,0.1803921568627451
629,0.18823529411764706
630,0.22745098039215686
631,0.2627450980392157
632,0.2627450980392157
633,0.23529411764705882
634,0.19607843137254902
635,0.1843137254901961
636,0.2
637,0.23529411764705882
638,0.27058823529411763
639,0.26666666666666666
640,0.22745098039215686
641,0.19607843137254902
642,0.1803921568627451
643,0.20392156862745098
644,0.23921568627450981
645,0.2784313725490196
646,0.26666666666666666
647,0.22745098039215686
648,0.18823529411764706
649,0.1803921568627451
650,0.20784313725490197
651,0.25098039215686274
652,0.2823529411764706
653,0.26666666666666666
654,0.2196078431372549
655,0.1843137254901961
656,0.17647058823529413
657,0.20784313725490197
658,0.2549019607843137
659,0.28627450980392155
660,0.2627450980392157
661,0.21176470588235294
662,0.1803921568627451
663,0.1803921568627451
664,0.21568627450980393
665,0.2627450980392157
666,0.2901960784313726
667,0.25882352941176473
668,0.21176470588235294
669,0.17254901960784313
670,0.1803921568627451
671,0.21568627450980393
672,0.27450980392156865
673,0.2980392156862745
674,0.25882352941176473
675,0.2
676,0.17647058823529413
677,0.1803921568627451
678,0.22745098039215686
679,0.28627450980392155
680,0.30196078431372547
681,0.2549019607843137
682,0.20392156862745098
683,0.17254901960784313
684,0.1803921568627451
685,0.23137254901960785
686,0.29411764705882354
687,0.3058823529411765
688,0.25098039215686274
689,0.19215686274509805
690,0.16862745098039217
691,0.1843137254901961
692,0.23921568627450981
693,0.3058823529411765
694,0.30980392156862746
695,0.24705882352941178
696,0.1843137254901961
697,0.16862745098039217
698,0.1843137254901961
699,0.24705882352941178
700,0.3137254901960784
701,0.30980392156862746
702,0.23921568627450981
703,0.1803921568627451
704,0.16470588235294117
705,0.18823529411764706
706,0.25882352941176473
707,0.32941176470588235
708,0.3137254901960784
709,0.23529411764705882
710,0.1803921568627451
711,0.16470588235294117
712,0.19607843137254902
713,0.26666666666666666
714,0.33725490196078434
715,0.3137254901960784
716,0.23137254901960785
717,0.16862745098039217
718,0.1607843137254902
719,0.19607843137254902
720,0.2784313725490196
721,0.34509803921568627
722,0.30980392156862746
723,0.2196078431372549
724,0.1607843137254902
725,0.1607843137254902
726,0.2
727,0.28627450980392155
728,0.3568627450980392
729,0.3058823529411765
730,0.21568627450980393
731,0.1607843137254902
732,0.1568627450980392
733,0.20392156862745098
734,0.29411764705882354
735,0.3686274509803922
736,0.3058823529411765
737,0.21176470588235294
738,0.15294117647058825
739,0.1568627450980392
740,0.20392156862745098
741,0.30980392156862746
742,0.37254901960784315
743,0.2980392156862745
744,0.19607843137254902
745,0.1450980392156863
746,0.14901960784313725
747,0.20392156862745098
748,0.3137254901960784
749,0.3803921568627451
750,0.2980392156862745
751,0.19607843137254902
752,0.1411764705882353
753,0.1450980392156863
754,0.21176470588235294
755,0.3254901960784314
756,0.3843137254901961
757,0.2901960784313726
758,0.1843137254901961
759,0.13333333333333333
760,0.1450980392156863
761,0.20784313725490197
762,0.3333333333333333
763,0.39215686274509803
764,0.2901960784313726
765,0.17647058823529413
766,0.13333333333333333
767,0.13725490196078433
768,0.21176470588235294
769,0.3411764705882353
770,0.403921568627451
771,0.2823529411764706
772,0.16862745098039217
773,0.12941176470588237
774,0.13725490196078433
775,0.20784313725490197
776,0.34509803921568627
777,0.403921568627451
778,0.28627450980392155
779,0.16862745098039217
780,0.12549019607843137
781,0.12941176470588237
782,0.20784313725490197
783,0.3568627450980392
784,0.4117647058823529
785,0.2823529411764706
786,0.1607843137254902
787,0.12156862745098039
788,0.12941176470588237
789,0.21176470588235294
790,0.3568627450980392
791,0.4235294117647059
792,0.2823529411764706
793,0.1607843137254902
794,0.11764705882352941
795,0.12549019607843137
796,0.2
797,0.36470588235294116
798,0.43529411764705883
799,0.2901960784313726
800,0.1607843137254902
801,0.11372549019607843
802,0.12156862745098039
803,0.2
804,0.36470588235294116
805,0.44313725490196076
806,0.29411764705882354
807,0.1568627450980392
808,0.11372549019607843
809,0.11764705882352941
810,0.19215686274509805
811,0.3607843137254902
812,0.4627450980392157
813,0.3058823529411765
814,0.1607843137254902
815,0.10980392156862745
816,0.11372549019607843
817,0.1803921568627451
818,0.35294117647058826
819,0.47058823529411764
820,0.3215686274509804
821,0.16470588235294117
822,0.11372549019607843
823,0.10980392156862745
824,0.17647058823529413
825,0.34509803921568627
826,0.48627450980392156
827,0.33725490196078434
828,0.16862745098039217
829,0.10588235294117647
830,0.10588235294117647
831,0.1607843137254902
832,0.3254901960784314
833,0.49411764705882355
834,0.3568627450980392
835,0.17647058823529413
836,0.10588235294117647
837,0.10196078431372549
838,0.14901960784313725
839,0.3058823529411765
840,0.4980392156862745
841,0.38823529411764707
842,0.1843137254901961
843,0.10588235294117647
844,0.09411764705882353
845,0.13725490196078433
846,0.2823529411764706
847,0.49411764705882355
848,0.41568627450980394
849,0.20392156862745098
850,0.10980392156862745
851,0.09019607843137255
852,0.12549019607843137
853,0.2549019607843137
854,0.4823529411764706
855,0.4549019607843137
856,0.2196078431372549
857,0.11372549019607843
858,0.08627450980392157
859,0.10980392156862745
860,0.2196078431372549
861,0.4588235294117647
862,0.49411764705882355
863,0.25098039215686274
864,0.11764705882352941
865,0.08627450980392157
866,0.10588235294117647
867,0.19215686274509805
868,0.4196078431372549
869,0.5215686274509804
870,0.2901960784313726
871,0.12549019607843137
872,0.08235294117647059
873,0.09019607843137255
874,0.1607843137254902
875,0.37254901960784315
876,0.5490196078431373
877,0.32941176470588235
878,0.1411764705882353
879,0.08235294117647059
880,0.08235294117647059
881,0.13725490196078433
882,0.3137254901960784
883,0.5529411764705883
884,0.38823529411764707
885,0.16470588235294117
886,0.08627450980392157
887,0.0784313725490196
888,0.11372549019607843
889,0.2627450980392157
890,0.5294117647058824
891,0.4588235294117647
892,0.19215686274509805
893,0.09411764705882353
894,0.07058823529411765
895,0.09803921568627451
896,0.20392156862745098
897,0.47843137254901963
898,0.5254901960784314
899,0.24313725490196078
900,0.10196078431372549
901,0.07058823529411765
902,0.0784313725490196
903,0.1607843137254902
904,0.40784313725490196
905,0.5803921568627451
906,0.30980392156862746
907,0.12549019607843137
908,0.07058823529411765
909,0.07450980392156863
910,0.12549019607843137
911,0.3215686274509804
912,0.592156862745098
913,0.39215686274509803
914,0.15294117647058825
915,0.07450980392156863
916,0.06666666666666667
917,0.09803921568627451
918,0.24313725490196078
919,0.5490196078431373
920,0.5019607843137255
921,0.20392156862745098
922,0.08627450980392157
923,0.06666666666666667
924,0.08235294117647059
925,0.17254901960784313
926,0.4549019607843137
927,0.5882352941176471
928,0.2784313725490196
929,0.10588235294117647
930,0.07058823529411765
931,0.07058823529411765
932,0.12549019607843137
933,0.34509803921568627
934,0.6235294117647059
935,0.3843137254901961
936,0.1411764705882353
937,0.07450980392156863
938,0.06274509803921569
939,0.09803921568627451
940,0.23921568627450981
941,0.5725490196078431
942,0.5176470588235295
943,0.20392156862745098
944,0.08235294117647059
945,0.06666666666666667
946,0.07450980392156863
947,0.1607843137254902
948,0.44313725490196076
949,0.6313725490196078
950,0.2980392156862745
951,0.10980392156862745
952,0.06274509803921569
953,0.06274509803921569
954,0.10980392156862745
955,0.30196078431372547
956,0.6392156862745098
957,0.4470588235294118
958,0.15294117647058825
959,0.07450980392156863
960,0.058823529411764705
961,0.0784313725490196
962,0.1843137254901961
963,0.5176470588235295
964,0.611764705882353
965,0.24313725490196078
966,0.09411764705882353
967,0.058823529411764705
968,0.06274509803921569
969,0.11764705882352941
970,0.33725490196078434
971,0.6784313725490196
972,0.4
973,0.13333333333333333
974,0.06274509803921569
975,0.050980392156862744
976,0.07450980392156863
977,0.19607843137254902
978,0.5529411764705883
979,0.6039215686274509
980,0.2235294117647059
981,0.08235294117647059
982,0.050980392156862744
983,0.054901960784313725
984,0.10588235294117647
985,0.3411764705882353
986,0.7019607843137254
987,0.403921568627451
988,0.12941176470588237
989,0.058823529411764705
990,0.047058823529411764
991,0.07058823529411765
992,0.17647058823529413
993,0.5333333333333333
994,0.6509803921568628
995,0.23921568627450981
996,0.0784313725490196
997,0.047058823529411764
998,0.050980392156862744
999,0.09019607843137255
